183
34
443
26
507
821
658
327
657
368
252
56
982
64
860
925
998
813
277
822
682
551
267
852
975
769
689
177
137
507
709
931
17
304
741
727
454
356
142
249
139
102
959
823
826
965
902
743
326
170
288
34
721
854
943
470
337
212
34
850
240
6
327
424
224
171
770
586
602
54
835
854
215
826
944
374
376
339
150
184
536
680
912
696
203
876
707
597
290
581
630
549
600
513
393
272
140
699
638
772
984
929
708
664
898
679
788
54
554
240
570
812
876
634
357
750
616
939
327
421
538
136
74
271
77
362
685
71
827
550
550
6
964
780
676
371
823
15
494
648
0
121
926
642
658
901
459
975
337
827
419
635
631
958
201
369
739
795
656
963
670
920
208
622
51
122
968
627
35
369
443
802
754
204
282
270
58
822
707
290
157
567
961
377
267
835
958
176
488
202
667
1000
959
109
74
129
966
532
729
312
287
48
826
594
287
829
592
917
536
691
126
261
934
770
624
351
769
538
586
776
368
539
738
120
811
493
634
605
785
712
595
906
298
363
214
164
933
606
920
446
296
243
466
38
825
999
207
474
464
642
739
275
92
380
570
425
780
903
230
179
915
583
989
105
699
687
855
714
788
484
168
641
994
421
421
573
915
48
737
555
514
148
738
302
727
142
136
985
387
368
117
116
846
375
397
165
276
181
229
411
263
512
813
729
796
84
142
505
35
298
912
340
20
642
347
992
489
565
116
402
28
862
427
984
2
519
110
966
776
404
255
157
485
749
631
309
318
985
327
803
336
470
826
750
2
61
252
578
766
683
209
11
286
224
517
540
516
793
836
302
317
76
663
255
897
633
683
880
474
868
210
565
67
954
991
253
455
948
943
77
26
665
704
525
180
227
460
487
415
214
150
882
568
200
671
927
12
666
99
576
800
549
791
100
983
480
805
179
300
115
856
689
249
611
375
31
848
726
509
639
661
588
534
790
692
528
599
522
927
301
525
43
619
575
285
403
941
623
704
42
341
310
880
968
719
586
651
172
611
174
411
882
956
550
298
994
378
635
881
379
95
712
810
951
308
223
216
147
655
656
310
934
187
958
430
965
18
487
917
434
420
277
838
849
513
745
240
32
165
313
760
606
791
329
481
253
657
529
863
301
101
734
220
119
648
689
447
751
261
911
225
758
403
211
269
252
840
266
774
209
579
150
531
280
709
823
11
157
983
79
13
376
273
986
579
252
679
887
263
635
40
162
219
276
379
829
404
287
468
857
349
889
321
12
147
969
275
156
805
787
803
852
701
854
251
977
649
712
472
247
942
434
689
493
41
762
668
992
45
466
916
208
739
307
351
871
488
890
455
21
906
318
792
212
383
614
504
15
281
335
610
822
490
672
81
966
403
648
888
110
670
808
343
86
905
515
375
817
454
473
174
910
79
741
261
371
115
307
894
481
909
77
602
454
610
692
3
333
272
757
293
508
324
733
550
249
774
53
459
7
283
550
678
256
446
650
320
997
844
456
100
542
801
768
783
908
175
685
176
849
964
510
285
991
552
473
488
327
767
442
413
903
679
437
592
667
95
490
757
577
220
44
498
641
283
782
31
499
789
645
963
740
972
526
843
798
78
369
287
114
984
165
886
456
821
876
346
61
94
107
974
333
299
110
504
328
219
823
745
30
239
441
831
986
930
562
605
136
986
620
619
294
577
349
866
721
546
635
872
831
920
686
70
551
300
971
130
693
968
434
631
471
83
401
108
879
870
527
600
50
790
709
233
988
511
722
379
926
882
603
673
866
290
152
305
500
548
706
928
12
875
571
301
79
860
741
184
323
570
897
747
32
504
422
112
506
677
341
169
521
564
851
590
153
8
170
340
266
739
825
428
592
34
196
692
901
688
160
668
366
318
675
451
944
174
775
129
338
528
466
847
174
171
846
708
276
409
909
598
83
157
927
41
9
256
936
270
971
744
471
316
411
157
240
699
465
8
406
569
234
263
585
960
310
957
391
358
249
997
741
896
866
502
847
541
270
424
579
918
406
444
991
171
641
607
724
564
441
376
147
860
517
228
914
389
504
574
638
532
109
836
260
107
536
750
504
464
935
336
499
82
136
792
642
105
82
593
805
696
701
297
649
321
750
644
718
59
279
71
323
402
572
559
947
264
946
760
991
462
484
627
760
890
572
992
299
243
295
501
938
860
52
186
151
508
47
401
584
738
522
354
423
222
799
965
941
284
367
830
872
694
506
810
388
893
311
660
122
441
664
457
735
962
464
553
981
900
759
516
768
591
839
93
669
686
930
81
236
424
866
85
352
829
283
771
25
507
654
10
437
834
831
501
933
594
117
154
264
129
75
359
42
963
764
53
831
248
190
947
709
729
136
939
213
600
709
877
697
302
467
393
937
391
461
614
656
619
960
711
629
310
226
698
66
355
372
469
739
896
646
189
249
904
495
301
985
372
100
889
705
90
931
627
986
885
336
911
895
510
142
512
779
282
471
581
415
763
329
946
390
605
155
135
394
33
776
462
989
174
696
110
515
156
300
129
725
477
113
659
248
923
702
478
845
219
429
811
374
375
495
415
669
648
794
57
348
320
40
766
197
164
501
789
356
272
3
160
201
113
552
509
998
58
717
94
888
822
472
646
601
934
154
908
176
956
258
235
168
813
913
949
106
448
423
615
650
904
361
851
931
820
536
399
363
438
882
527
457
93
338
855
20
428
814
171
41
511
773
221
905
363
651
160
26
477
119
829
403
208
714
422
742
497
199
842
898
656
49
38
136
727
208
8
866
935
683
453
807
271
675
171
196
369
40
513
296
863
766
968
677
136
144
297
512
56
967
979
8
452
291
826
174
619
401
358
196
378
607
798
292
26
677
880
405
377
105
42
756
252
60
385
403
525
326
414
658
281
308
90
910
754
375
275
972
307
569
192
238
230
838
622
660
20
325
515
32
989
648
435
1
253
509
845
273
496
664
296
403
998
735
259
113
99
154
849
520
885
955
370
433
398
651
802
443
940
721
529
398
129
70
301
800
690
383
345
269
376
301
625
958
330
796
724
242
664
838
669
37
861
408
709
703
178
280
298
805
849
177
717
464
335
352
28
710
934
957
753
796
265
390
658
47
800
973
960
699
320
80
480
716
801
474
277
465
983
527
924
878
340
251
560
805
834
970
813
268
930
542
254
56
490
739
988
985
978
5
242
666
563
863
768
780
307
242
448
151
879
986
270
82
945
430
245
218
143
839
853
817
991
660
946
524
823
338
505
780
158
530
200
471
930
730
347
562
863
315
365
728
624
334
612
552
902
982
563
957
1
894
360
343
244
980
956
740
971
753
588
710
349
490
57
229
773
890
224
176
77
545
396
419
525
453
48
352
877
393
277
0
149
853
275
908
170
810
181
314
313
999
301
150
974
495
240
800
637
290
642
922
275
949
797
843
152
398
525
256
617
438
364
191
585
897
138
419
542
334
979
775
220
592
387
762
792
745
655
118
815
931
437
703
983
359
110
179
357
171
453
834
665
242
358
663
828
417
932
249
344
770
337
820
470
981
462
402
979
324
500
16
767
976
436
189
269
899
114
532
397
931
313
471
878
898
635
277
860
460
403
466
399
299
571
817
454
509
993
608
539
342
649
432
459
154
380
428
497
118
389
989
860
632
965
99
489
182
571
73
183
754
550
604
777
649
129
911
262
730
406
92
321
171
110
641
176
160
805
99
560
511
243
687
269
563
788
661
446
258
518
528
529
722
787
911
684
166
108
40
367
933
743
522
652
107
112
34
505
206
509
721
606
145
756
277
410
228
94
841
580
289
577
382
186
612
68
434
98
31
469
85
621
813
27
970
947
416
523
289
418
190
146
829
75
641
766
744
139
643
507
795
135
612
658
71
869
17
455
896
314
480
921
589
754
20
810
166
524
607
904
326
704
645
76
417
911
283
118
156
401
754
284
296
295
661
508
263
706
536
518
532
812
309
932
553
343
570
532
924
620
638
589
32
906
24
553
372
230
481
202
971
649
239
946
647
768
405
693
758
961
338
546
506
740
671
15
657
483
811
196
645
599
739
751
302
577
995
630
564
377
495
830
481
456
54
526
561
526
738
948
427
369
602
70
541
552
438
569
466
847
890
218
970
370
240
937
245
988
489
5
139
697
284
603
377
533
262
536
745
36
172
266
624
961
309
55
877
839
214
789
936
213
964
473
564
843
630
115
744
733
135
976
198
964
721
196
304
499
429
604
687
145
751
852
504
507
162
233
137
607
980
546
200
195
113
978
315
77
538
866
815
620
198
484
936
900
614
754
62
361
225
797
779
61
769
743
402
38
55
242
956
73
355
138
489
645
981
345
171
621
821
186
166
177
26
243
400
751
750
825
915
279
966
940
658
802
503
812
75
58
761
945
627
295
868
652
627
910
865
154
368
45
39
776
444
780
559
181
232
818
91
682
856
183
519
169
319
791
894
183
735
674
164
803
694
131
903
237
295
799
627
774
138
66
434
727
640
575
917
277
338
733
14
137
573
777
958
215
296
28
415
255
184
98
63
152
111
854
70
681
581
810
211
289
679
48
343
659
523
612
54
604
105
300
4
311
879
450
867
812
81
437
235
652
351
676
685
872
932
6
429
151
249
928
276
259
446
498
522
695
146
39
693
347
60
302
849
549
531
257
308
470
630
527
888
691
765
465
720
785
349
391
685
331
321
378
238
603
786
147
975
74
995
167
995
676
575
688
439
638
878
544
403
893
180
234
123
289
370
113
703
883
639
356
792
151
775
201
712
138
825
583
862
856
957
350
923
559
739
48
115
78
122
161
294
658
224
226
711
761
456
169
687
306
88
675
418
757
363
933
214
342
365
819
257
221
546
346
463
77
16
318
251
677
634
970
264
978
381
306
360
70
595
996
125
972
690
623
423
641
109
443
434
221
463
640
303
459
541
981
484
272
208
329
877
230
474
189
950
192
976
1
565
833
307
589
593
397
660
392
125
705
220
491
985
166
806
751
469
550
709
35
428
477
236
266
206
390
38
254
936
279
805
485
4
941
271
140
623
124
204
117
486
356
351
351
965
451
504
959
671
926
562
989
259
996
442
487
890
186
859
955
95
333
327
32
51
665
476
845
480
529
289
561
158
283
957
705
757
856
156
477
55
863
313
373
10
48
967
313
261
720
704
868
757
146
709
765
452
28
812
485
584
863
950
309
496
778
307
416
274
384
49
367
86
148
706
171
987
62
124
332
35
189
865
153
753
125
484
168
822
166
369
314
867
129
709
652
923
654
73
575
785
597
444
954
315
868
886
368
615
826
76
14
182
630
382
297
439
1000
630
288
86
429
671
231
304
929
33
517
102
487
887
466
986
517
161
125
30
305
171
609
720
869
444
845
666
413
795
259
109
702
699
633
965
993
206
204
932
755
100
589
194
414
932
715
454
941
929
225
674
549
886
641
470
900
772
169
626
168
917
596
393
849
147
49
127
719
521
792
442
890
552
170
899
167
944
34
631
427
907
175
530
59
227
617
348
276
709
706
364
384
225
704
693
676
853
900
550
686
786
883
528
578
689
295
123
140
340
821
235
298
550
38
119
749
421
812
552
22
865
111
44
801
731
822
717
467
657
511
69
591
514
408
976
838
529
965
577
764
514
262
780
144
997
418
715
658
370
451
514
70
385
922
932
753
195
607
77
305
659
287
282
118
601
510
534
803
677
27
566
902
245
398
377
394
49
381
467
425
261
544
603
983
779
141
550
124
574
576
709
76
189
862
753
591
553
771
868
33
507
876
376
644
9
601
913
731
600
174
738
811
389
726
670
182
964
608
884
594
531
412
717
778
107
446
517
851
929
910
776
386
905
128
173
193
437
271
976
78
131
683
486
764
284
396
844
642
7
554
61
860
382
290
667
52
84
17
419
97
794
820
241
68
24
711
925
36
866
429
922
743
164
412
666
153
103
561
331
875
438
726
696
571
466
745
873
645
161
896
833
673
553
56
549
366
999
747
917
607
464
350
31
816
550
352
459
728
272
477
726
369
686
892
483
38
159
339
248
512
517
357
642
137
344
565
771
807
468
210
765
463
553
541
979
654
88
948
73
503
771
182
530
427
379
47
115
732
703
82
108
347
222
79
979
196
635
68
216
333
81
966
821
413
696
263
883
49
432
653
597
102
85
79
307
434
351
730
663
164
345
836
866
933
588
550
196
191
815
433
444
431
524
784
655
603
946
427
576
494
430
488
449
416
469
559
677
708
418
967
436
313
678
120
523
719
809
56
527
871
576
404
782
802
153
377
737
50
724
3
994
937
344
956
971
290
600
226
399
631
971
126
203
591
140
488
469
675
504
896
469
358
428
225
515
900
366
320
60
542
978
730
537
189
163
136
65
319
259
423
841
95
229
608
172
574
351
784
172
287
742
996
423
115
899
952
603
705
820
922
937
655
430
161
675
711
313
843
3
871
932
701
839
101
34
866
767
376
87
790
159
791
136
888
849
322
746
123
338
104
19
965
206
716
345
789
644
371
924
190
61
611
250
909
777
322
497
979
347
636
541
202
15
473
677
27
62
790
723
378
707
433
176
979
844
487
554
107
795
467
876
861
248
424
19
835
119
997
748
38
17
112
392
554
561
44
864
89
231
782
531
346
340
25
634
50
715
382
933
143
768
235
891
229
525
976
734
832
303
877
766
247
304
730
505
57
442
789
59
78
913
25
831
988
866
160
53
124
659
338
679
364
580
880
306
779
644
679
56
372
132
205
237
518
955
930
43
780
110
32
933
647
982
46
979
358
225
829
476
170
151
339
274
93
749
299
74
42
978
651
301
104
418
620
379
285
791
268
766
946
932
465
311
530
421
656
836
205
361
817
423
992
722
539
680
248
476
860
345
113
757
752
956
215
708
616
83
668
937
13
265
228
276
189
634
351
478
968
507
416
601
838
690
774
850
719
971
25
773
29
271
729
420
276
787
647
951
681
568
911
945
519
571
707
585
731
247
567
710
491
406
128
450
438
663
273
146
965
350
855
51
77
826
367
416
824
223
169
66
733
741
689
693
413
23
301
9
593
464
9
552
321
227
156
662
370
115
990
468
214
984
735
118
678
939
996
505
799
581
983
894
133
164
41
239
127
831
372
997
833
536
573
211
478
557
95
987
47
619
705
874
883
858
34
879
886
582
646
581
987
612
139
650
42
239
931
404
594
267
333
188
666
376
522
543
466
197
716
928
984
252
208
785
468
334
568
71
692
444
618
81
87
160
2
364
781
684
450
666
93
427
393
748
740
48
934
425
745
981
717
42
577
660
713
769
631
166
153
573
299
139
4
189
882
215
503
638
800
997
291
662
498
419
382
284
975
694
682
682
112
589
794
267
74
327
10
576
991
54
64
807
123
143
507
87
890
827
823
261
346
720
417
890
352
55
106
85
637
972
316
771
193
478
237
741
373
566
729
754
879
587
268
473
178
496
799
691
157
321
803
112
557
702
312
194
365
473
474
756
241
483
474
267
70
237
266
93
569
77
195
850
185
218
754
545
801
194
581
1000
413
632
417
668
463
95
302
529
842
500
867
215
546
45
314
818
748
57
712
386
304
136
742
632
36
121
511
51
837
407
201
934
940
27
326
453
742
849
231
478
91
614
380
81
500
310
804
21
690
445
821
955
178
343
352
518
283
565
25
624
459
504
894
429
543
275
160
353
878
68
914
160
949
905
814
290
187
26
936
169
455
766
185
431
838
559
136
952
369
192
438
604
557
57
84
106
833
73
80
796
222
880
452
39
345
397
543
86
537
689
121
342
853
81
422
961
253
527
158
968
645
964
689
877
205
113
738
483
150
672
179
613
777
30
777
410
18
687
468
671
220
489
462
668
586
271
493
645
209
953
838
817
715
851
804
543
903
209
424
505
311
447
810
569
57
977
526
339
119
670
883
374
794
560
338
90
831
914
253
346
925
645
888
510
863
359
692
452
198
590
705
50
129
678
469
284
797
125
662
711
697
406
765
11
517
764
833
727
196
198
974
540
332
598
516
665
237
559
814
981
407
238
528
33
864
687
974
698
18
275
546
441
124
529
65
874
602
722
590
352
8
437
766
392
85
828
33
446
153
87
920
549
753
204
47
717
320
512
396
223
335
569
589
519
69
472
22
152
699
492
519
895
736
9
119
807
421
558
174
760
179
591
762
312
504
447
761
257
818
478
837
764
195
85
769
91
22
182
852
814
828
893
312
472
113
804
904
766
159
380
908
455
586
551
231
485
401
145
70
319
749
58
81
862
705
355
680
194
153
770
357
454
7
834
504
643
107
553
292
538
447
668
629
153
62
298
235
885
419
256
78
33
98
654
664
297
984
785
345
879
317
282
593
421
150
94
422
449
56
989
856
957
159
264
872
417
984
96
16
494
310
790
727
168
342
150
498
962
797
747
190
330
381
442
654
225
989
4
296
711
564
75
413
614
274
397
567
766
981
436
124
381
730
45
194
573
969
585
212
240
127
83
117
794
872
435
616
673
413
651
777
114
333
534
796
320
133
357
799
282
619
360
733
633
850
376
3
256
429
73
103
364
191
880
205
235
178
74
9
452
216
179
36
958
351
355
123
827
536
405
591
294
691
455
927
793
351
362
33
759
618
959
401
466
386
869
735
73
951
259
555
460
213
789
664
329
73
936
195
417
286
771
480
771
620
100
715
174
784
782
406
158
66
770
981
154
848
414
672
405
129
543
480
225
225
25
497
284
642
678
548
345
720
867
223
633
314
184
199
196
378
448
879
370
17
3
49
316
903
102
872
304
112
163
4
850
434
558
721
143
686
516
611
769
852
958
978
776
682
861
578
836
302
590
613
285
8
439
143
142
227
812
706
660
668
344
381
47
307
648
493
480
946
907
4
563
302
87
810
690
434
869
567
710
533
361
964
249
551
889
416
39
407
327
210
539
982
387
38
228
869
833
496
647
170
606
385
266
304
623
773
658
409
21
710
76
473
663
729
946
695
976
721
370
570
803
962
278
309
872
80
243
796
833
797
587
122
892
31
618
933
577
230
167
687
660
859
506
586
706
681
269
451
247
581
826
301
885
430
557
699
324
488
319
321
794
791
262
677
983
20
448
643
490
320
808
859
23
597
976
967
569
44
177
99
755
789
275
543
406
541
928
637
380
75
889
863
396
453
927
673
869
558
549
831
291
18
500
603
228
125
288
706
737
923
710
611
775
902
461
666
688
723
951
220
403
512
552
391
834
556
995
943
669
494
833
764
951
736
618
946
870
528
321
483
221
312
958
264
355
966
337
670
281
387
26
351
105
267
251
773
743
721
478
994
418
266
787
354
550
76
516
616
45
26
387
336
498
654
30
490
699
130
966
841
39
777
27
551
421
105
451
624
549
117
68
880
68
439
98
734
638
356
420
756
921
181
518
480
336
618
570
623
193
533
125
225
889
419
645
215
474
223
325
273
277
654
772
269
944
830
795
556
846
775
374
571
461
958
388
518
664
624
643
832
898
513
298
838
890
66
728
200
115
952
998
702
756
266
610
331
771
691
876
327
803
804
874
896
338
100
689
693
169
465
577
555
843
59
540
519
575
718
40
255
887
800
478
719
174
935
454
953
593
540
208
567
147
679
162
989
342
127
557
858
772
645
251
657
872
587
125
697
107
887
675
252
600
643
593
91
387
334
224
182
79
667
797
64
121
953
561
101
942
364
295
222
879
848
719
297
794
192
185
36
662
65
97
491
755
388
173
848
607
387
914
335
222
893
107
806
484
127
299
731
600
90
958
373
793
871
3
566
770
575
287
428
683
672
849
524
770
808
845
613
618
738
429
715
860
418
103
577
870
663
151
254
962
155
451
285
51
923
745
790
652
743
502
471
347
391
945
667
964
659
864
847
494
871
206
107
246
504
989
263
546
618
889
17
518
846
317
207
704
569
593
564
531
445
142
998
34
931
963
77
62
610
580
553
57
295
597
22
376
435
573
410
391
346
43
742
998
648
710
365
878
748
111
866
508
133
788
105
185
807
931
915
809
219
698
583
897
237
435
471
332
845
924
192
958
625
462
786
743
341
52
974
766
276
283
136
891
723
343
582
361
346
747
755
610
35
848
625
771
319
561
671
874
241
849
439
798
916
545
152
101
217
865
443
388
307
340
904
479
815
168
458
158
730
376
777
103
961
980
3
103
799
81
652
802
704
163
788
482
410
672
668
970
639
893
785
938
952
599
731
865
522
587
66
976
449
54
460
548
242
512
1000
240
132
724
355
84
529
602
679
28
651
28
533
92
591
60
235
305
648
558
875
541
506
721
46
841
940
257
376
800
162
692
953
863
892
226
676
334
796
160
537
310
405
677
261
999
830
647
230
340
687
886
33
721
207
585
339
555
554
883
531
396
572
886
699
143
748
34
340
242
762
441
739
858
417
555
451
965
349
363
587
387
928
640
107
754
312
24
886
735
605
883
5
825
737
722
134
875
740
537
652
528
59
84
385
165
376
929
202
63
698
906
377
570
744
475
699
589
646
919
781
398
779
85
523
43
345
646
362
320
468
726
640
921
493
414
198
289
257
917
106
912
172
400
796
920
947
636
37
247
880
685
720
13
621
23
404
991
472
296
516
334
42
592
493
108
127
519
186
397
753
655
881
940
164
192
892
164
698
431
448
955
228
638
207
402
987
443
988
199
873
178
259
216
559
65
316
623
778
268
864
469
719
700
788
14
477
825
513
34
375
178
399
804
363
105
42
377
323
398
528
828
162
659
60
762
485
768
656
780
767
559
256
898
515
668
839
98
519
717
513
875
555
314
192
160
985
521
934
806
722
43
479
479
36
163
625
422
548
237
789
172
578
509
350
365
911
702
216
615
365
941
183
768
303
549
349
213
728
397
525
972
452
491
659
751
971
963
204
574
553
159
865
45
934
396
744
715
995
317
908
300
616
615
519
574
91
313
696
481
607
673
72
170
628
173
491
809
137
435
983
757
777
633
216
631
836
746
917
170
737
434
405
486
358
528
10
31
294
146
961
374
825
478
899
259
234
303
296
818
242
481
972
70
953
315
516
95
425
147
115
755
466
685
414
486
200
796
294
845
360
958
411
870
202
130
715
475
598
62
594
491
468
441
463
886
173
831
495
935
308
688
498
569
868
599
695
20
309
322
942
513
491
883
938
155
366
692
583
555
138
342
610
792
400
163
472
29
921
184
544
218
144
115
407
157
498
10
40
628
809
533
284
708
217
29
592
272
288
674
76
333
779
263
72
244
801
674
574
468
363
696
559
515
817
32
493
299
510
825
477
501
529
301
580
551
746
76
423
395
506
918
207
29
203
395
815
283
251
67
973
991
906
102
311
32
149
474
102
576
451
375
774
72
242
450
980
745
517
165
706
444
284
568
86
782
306
574
763
324
745
269
437
395
87
707
991
415
13
372
997
812
659
841
684
741
660
808
93
267
92
939
322
794
241
16
264
194
981
774
177
103
553
678
942
260
196
208
147
399
475
168
532
994
70
20
407
502
457
267
76
443
359
509
898
380
770
246
393
985
672
444
648
493
406
793
283
345
384
295
7
588
203
835
213
55
308
875
933
4
229
931
471
900
262
796
335
700
692
191
312
681
57
461
480
561
995
69
147
894
815
66
735
285
368
532
976
891
990
146
806
561
466
120
39
643
953
92
292
310
434
564
384
243
8
961
601
973
245
873
698
672
105
197
674
789
194
966
726
599
245
601
801
779
628
499
114
677
554
601
441
678
403
34
72
757
198
341
719
537
301
427
7
843
137
821
112
190
495
765
390
829
96
653
767
145
111
492
713
409
565
620
252
706
272
546
353
215
820
33
421
120
674
938
742
407
633
265
136
267
814
419
752
8
863
586
749
815
876
29
291
481
23
728
774
580
200
982
68
422
960
123
828
715
529
817
512
318
174
606
866
669
552
192
834
449
440
66
874
236
110
97
97
146
817
125
991
770
415
533
304
317
116
690
768
639
491
425
840
903
28
720
182
219
334
150
24
734
909
869
334
153
614
292
670
252
289
178
980
24
347
330
90
518
957
434
160
740
171
797
109
475
250
507
410
922
758
85
519
691
930
650
613
409
899
202
477
886
269
684
731
992
458
663
999
676
654
818
148
478
419
226
779
583
407
749
839
471
196
467
348
540
851
944
587
559
840
794
509
313
615
934
196
267
788
820
685
353
942
881
443
564
306
838
812
55
108
399
423
623
342
179
510
752
19
958
874
299
848
277
212
471
584
151
748
921
5
229
861
18
343
474
388
266
54
574
677
916
798
700
62
892
132
289
239
755
575
586
428
491
828
846
1000
132
94
338
752
181
662
974
1000
523
931
377
179
52
727
497
682
891
792
174
228
390
663
901
772
894
433
116
457
923
793
603
358
984
540
342
12
142
620
487
236
486
525
199
669
673
540
297
33
226
36
231
213
477
406
278
119
6
8
996
73
237
976
773
995
94
736
916
901
47
902
840
157
313
72
491
468
125
324
223
321
112
440
136
465
176
374
791
52
610
237
18
552
630
541
905
806
684
429
454
661
676
950
892
344
253
33
901
866
165
277
994
508
833
63
692
264
276
186
670
564
703
312
569
999
230
986
725
996
510
887
26
166
567
820
691
1000
714
367
480
262
976
939
430
894
764
78
759
579
772
727
746
554
162
939
514
633
553
75
141
98
334
610
146
796
202
132
434
564
784
451
291
103
853
339
574
662
334
516
238
482
980
619
980
828
903
628
438
440
81
583
786
338
270
563
345
892
767
796
140
64
926
259
583
825
936
944
355
13
100
365
967
202
925
535
864
746
183
709
4
607
557
76
847
89
351
731
618
869
171
868
290
840
757
834
787
329
100
50
116
770
107
724
261
884
873
13
210
48
406
942
553
49
451
896
729
150
130
386
195
67
468
477
27
579
964
160
426
410
773
880
221
627
406
654
504
859
216
102
302
771
866
817
202
588
818
441
206
467
456
302
421
374
844
406
813
512
528
772
441
901
846
676
707
539
510
211
68
84
171
762
856
803
132
521
476
689
331
176
739
264
847
948
104
233
780
145
194
143
529
432
446
533
205
336
90
410
446
846
738
26
351
613
861
40
338
92
186
905
73
316
848
170
844
679
574
215
831
551
591
120
61
937
127
263
167
409
75
861
401
847
36
882
850
568
557
134
62
657
107
257
628
220
853
819
712
901
526
148
796
23
829
627
742
677
382
484
321
47
916
436
752
689
818
82
461
166
378
783
612
514
800
176
35
320
166
495
900
803
632
2
174
270
61
645
350
74
467
785
164
772
982
399
286
893
636
441
931
934
205
431
420
254
307
212
676
523
830
256
265
520
804
552
126
316
342
69
933
978
965
451
804
725
112
563
455
338
61
837
712
341
630
803
17
895
266
930
450
764
498
399
958
909
937
845
559
433
572
748
170
408
38
254
547
672
924
139
410
441
616
261
807
188
193
955
252
384
516
887
322
905
361
764
71
164
426
484
230
460
961
79
289
140
600
874
488
619
5
702
386
869
904
618
164
281
522
457
483
489
327
539
935
764
295
338
956
177
673
631
191
373
413
382
180
18
6
142
297
584
653
903
634
261
856
393
629
983
770
160
897
355
367
624
858
294
162
545
575
215
511
843
493
394
716
259
884
519
764
645
429
694
890
966
478
32
391
13
617
285
938
364
113
801
231
411
381
862
776
865
242
298
824
249
256
936
312
757
510
312
981
463
295
243
208
292
676
59
596
370
223
310
485
232
985
344
787
963
536
482
439
771
56
771
113
178
892
994
154
546
719
510
801
600
785
304
456
978
267
743
554
972
908
500
662
738
253
39
704
726
247
661
633
511
816
190
865
577
61
531
193
194
801
805
118
864
521
290
276
631
103
66
987
596
496
533
68
453
630
632
866
196
176
487
601
559
221
174
369
117
55
512
510
704
387
212
591
112
426
743
838
31
586
28
740
111
369
209
916
848
412
755
229
919
124
842
607
712
995
743
586
107
473
816
269
163
36
82
17
13
320
875
413
920
316
728
27
259
434
296
827
163
876
927
716
568
790
403
591
336
827
611
16
136
863
602
511
87
97
706
910
978
479
693
447
291
218
357
502
735
795
600
977
146
557
122
609
812
453
351
722
392
370
907
61
150
469
443
279
316
899
766
580
542
849
662
724
282
314
977
589
516
741
156
838
504
290
536
585
540
670
863
539
611
60
775
511
357
480
781
352
96
340
143
712
881
223
921
643
943
362
440
276
636
854
214
899
271
426
291
527
17
147
148
621
27
71
734
57
343
657
853
853
352
672
676
931
414
291
642
382
819
780
518
337
352
528
429
555
416
61
50
154
993
4
404
870
496
343
197
251
923
889
403
349
77
350
566
54
578
575
626
404
466
137
740
132
11
784
140
718
757
379
285
666
777
335
275
402
189
682
813
70
199
351
127
81
22
998
552
132
543
124
837
620
586
910
839
739
980
64
242
258
847
443
88
724
829
533
627
290
226
970
879
562
296
249
284
815
754
548
91
543
153
139
667
998
118
788
260
94
338
637
899
140
610
358
180
684
632
328
411
201
247
786
409
933
983
521
509
979
997
659
319
959
237
560
715
718
700
4
211
801
406
783
722
524
237
874
190
702
764
728
671
921
586
603
622
330
107
725
633
867
137
377
228
171
667
202
748
951
343
672
834
156
478
615
274
299
484
264
612
554
663
22
459
138
685
708
752
535
320
88
636
366
62
954
836
159
254
187
259
672
579
592
490
372
365
528
365
723
97
111
177
498
729
477
231
713
226
754
921
658
549
56
109
806
626
448
607
780
446
825
427
241
539
366
55
127
926
220
735
357
412
888
111
936
943
320
568
408
382
223
524
646
957
335
645
390
937
321
168
376
333
408
936
536
977
717
413
164
445
752
728
372
676
716
738
578
85
354
911
437
850
308
153
136
673
309
930
321
460
811
81
465
849
637
546
432
331
329
265
624
480
502
833
298
860
292
441
853
984
790
452
152
604
179
347
876
191
855
155
497
582
750
997
502
467
727
295
81
216
123
870
825
837
798
530
609
142
363
214
634
934
473
957
421
739
93
817
199
208
304
311
71
575
842
279
555
558
677
62
457
788
203
909
890
479
180
462
304
584
192
757
736
219
421
749
342
153
44
627
167
667
907
830
847
350
115
481
963
318
916
993
119
197
579
27
644
640
576
237
464
631
597
857
289
426
723
371
487
361
644
891
164
840
242
286
822
161
93
403
279
574
358
524
998
494
805
223
668
114
659
338
477
375
196
140
980
607
182
22
357
680
440
857
110
823
521
539
807
324
725
116
717
747
293
321
326
339
610
203
797
712
18
316
494
436
727
978
851
826
914
155
222
814
762
513
479
272
392
923
62
951
688
137
916
789
35
889
93
264
958
172
416
157
373
732
557
766
320
199
386
875
961
777
529
40
398
590
910
257
130
395
717
722
89
39
594
950
933
492
553
857
712
276
262
480
882
705
90
662
847
336
284
649
857
44
792
672
781
638
253
804
545
911
816
863
582
34
200
416
834
128
831
543
622
592
918
84
860
159
102
16
434
182
716
659
730
277
294
60
461
592
2
281
761
583
578
829
732
609
785
586
304
546
520
954
464
804
805
775
676
752
108
491
264
486
548
848
292
582
291
976
937
712
524
835
941
423
480
197
661
856
697
258
546
65
43
891
336
42
120
18
649
819
859
355
853
681
987
265
246
53
613
510
130
629
833
823
603
280
6
140
460
537
701
106
775
780
951
629
80
141
214
509
148
36
459
359
312
156
568
259
729
727
685
936
167
463
510
123
66
303
520
464
145
417
724
888
190
345
878
782
446
409
945
640
985
377
210
841
230
373
268
454
308
72
171
567
787
246
527
164
277
304
531
726
425
910
123
412
872
442
987
737
776
8
909
891
330
242
338
690
199
8
521
647
769
547
696
909
964
577
986
745
588
842
176
542
656
51
563
452
270
942
88
727
725
499
565
708
623
794
604
251
465
870
783
150
632
625
186
441
879
134
706
246
754
676
831
616
165
693
849
497
299
501
800
442
469
158
739
497
513
825
95
901
495
133
258
447
128
9
207
964
355
355
315
490
515
874
947
608
494
242
197
266
246
497
375
589
227
603
653
68
999
523
713
572
200
438
164
290
374
374
841
723
150
519
796
245
359
567
634
786
409
634
13
870
816
752
847
950
731
519
351
577
311
513
468
705
752
666
265
935
317
451
589
802
108
462
189
536
760
141
508
399
873
105
303
508
506
46
179
661
351
450
423
46
428
456
701
102
787
160
627
25
243
977
242
541
714
431
994
525
287
761
173
806
379
811
851
805
586
82
879
358
103
191
730
580
588
94
644
968
9
610
666
487
650
609
749
244
873
1
391
401
797
995
673
715
22
210
489
873
884
761
601
632
154
901
58
679
483
348
151
210
908
584
917
371
851
604
681
907
833
330
602
988
197
245
822
38
546
912
782
745
863
760
880
289
325
271
259
338
966
888
615
636
567
64
85
825
613
894
679
827
136
514
195
795
654
814
447
306
425
51
606
634
114
187
541
696
452
539
206
731
665
950
828
491
585
952
53
600
541
811
708
299
846
472
264
375
597
292
239
733
596
844
380
58
409
477
526
160
284
143
88
179
385
892
181
611
798
370
861
689
168
841
237
383
112
970
865
67
580
729
49
868
551
152
559
368
536
197
158
271
446
214
171
725
84
979
132
324
215
251
481
583
847
355
185
201
364
183
778
102
380
958
526
869
120
462
424
530
588
782
822
239
605
380
517
657
212
798
637
569
918
686
516
689
72
971
381
467
816
281
691
863
998
596
612
171
494
15
665
561
820
247
32
350
928
531
348
896
429
846
659
884
654
891
75
996
767
486
968
3
94
808
190
392
576
261
181
554
536
408
37
665
62
623
861
314
216
948
590
641
950
57
939
982
469
276
982
69
378
118
92
691
742
650
53
398
121
562
905
62
102
742
426
382
212
5
169
739
547
626
900
538
539
805
667
93
368
966
942
411
820
995
393
843
68
400
189
346
995
371
153
826
713
453
803
692
566
562
751
45
131
536
132
143
589
245
285
691
839
841
71
650
2
724
719
881
328
382
552
60
815
309
29
132
44
7
382
27
605
974
487
505
212
72
225
54
923
238
20
15
484
271
69
75
644
2
194
90
890
185
236
161
15
728
114
768
83
159
98
256
498
814
974
589
899
30
709
119
922
913
689
715
216
822
528
355
424
11
454
732
883
469
220
814
666
222
877
157
926
312
36
434
129
915
860
209
848
800
101
272
993
333
77
38
101
471
38
214
877
130
101
518
533
654
926
770
699
763
314
978
671
268
111
821
209
698
293
518
45
762
846
198
411
13
581
547
45
49
969
961
700
852
685
129
48
456
214
625
511
539
960
979
464
654
805
108
738
365
528
90
322
733
633
337
995
800
191
393
547
774
885
204
930
350
882
668
148
335
291
162
270
285
618
144
681
656
316
540
572
576
532
828
946
755
232
267
8
445
365
745
640
185
483
313
142
31
585
42
602
271
706
494
438
426
965
237
41
646
929
209
515
56
304
882
647
680
263
508
806
453
270
52
729
51
819
757
398
746
283
228
319
566
801
753
131
417
643
120
986
790
165
538
993
629
462
934
260
880
485
719
632
31
508
820
455
250
474
870
75
984
257
288
877
189
759
94
944
271
201
429
943
126
317
933
305
7
272
784
432
442
112
743
136
522
709
272
131
944
592
93
128
810
408
134
815
391
518
794
814
517
283
237
298
845
753
737
576
306
112
559
814
754
512
546
869
315
675
564
638
373
405
77
162
593
417
40
679
177
529
39
696
313
65
375
600
270
123
898
363
405
284
434
14
126
250
94
667
652
427
281
294
381
434
921
459
489
512
946
142
203
568
693
336
46
446
889
335
717
179
735
526
735
68
473
13
618
856
912
98
889
731
642
542
34
917
506
18
541
802
200
350
442
127
705
414
55
575
145
694
430
80
654
822
626
94
554
272
316
237
796
938
404
630
392
868
957
76
229
447
16
242
916
585
867
122
356
972
223
900
604
793
388
32
969
369
920
371
646
685
520
854
330
403
608
970
653
906
106
413
806
271
905
943
879
924
966
685
386
494
686
571
575
943
496
67
998
841
278
301
895
635
951
658
845
61
857
989
754
286
231
729
770
306
193
947
245
117
879
351
666
653
242
647
525
370
615
436
817
942
504
205
945
805
511
440
862
178
142
364
669
503
613
198
126
441
957
592
90
480
111
200
770
249
570
728
296
945
491
147
312
896
589
930
119
325
43
491
14
687
997
771
130
646
291
13
109
590
615
512
521
533
682
77
767
276
693
469
372
108
919
665
963
469
988
579
473
968
886
432
408
154
117
596
397
356
568
454
104
656
461
70
65
735
310
980
187
204
896
681
255
419
731
183
299
841
89
561
423
329
907
928
14
711
454
63
943
542
665
901
825
232
63
43
793
19
784
41
747
144
760
655
92
423
969
317
598
379
367
533
742
394
373
142
268
622
551
871
115
895
913
743
836
150
355
293
703
836
131
292
547
712
631
32
522
291
677
425
937
816
120
150
363
430
79
444
724
266
67
683
469
544
957
683
373
0
838
762
963
932
325
326
396
681
199
368
448
960
902
83
764
797
219
509
497
635
397
876
644
897
817
664
702
431
535
872
165
3
467
900
863
566
330
511
471
467
851
852
502
614
650
36
311
394
237
826
592
685
858
472
855
915
465
435
464
122
302
103
450
304
357
233
944
470
70
738
166
893
800
294
957
742
509
420
139
106
916
52
698
321
581
551
378
225
615
190
50
629
269
577
49
415
288
362
734
796
720
296
682
412
578
672
678
6
439
966
722
697
773
820
360
248
631
709
434
895
815
356
447
405
547
50
692
227
870
787
88
91
703
154
824
864
474
173
351
805
495
978
744
15
676
226
245
991
266
175
232
930
749
834
787
739
408
280
803
840
706
882
134
383
345
404
26
398
695
387
184
772
307
638
327
738
310
695
860
875
731
87
795
240
487
724
121
324
389
259
559
713
569
279
385
864
897
250
642
638
17
89
428
596
792
849
789
294
531
559
57
775
406
900
467
222
315
43
147
647
893
236
648
229
828
824
356
404
633
116
812
536
918
705
510
656
747
51
444
764
485
187
837
430
426
274
357
782
799
215
327
832
765
187
625
823
132
78
605
983
153
71
204
746
172
323
138
261
642
932
590
651
967
280
698
770
200
779
322
596
712
954
162
690
239
284
236
461
493
690
429
324
411
850
328
854
665
350
494
462
126
91
201
378
313
500
215
134
504
717
784
507
377
560
7
106
242
83
884
165
491
798
509
752
965
518
524
35
265
427
448
717
12
110
204
134
678
953
257
876
843
639
162
279
200
679
415
760
619
373
539
703
479
180
591
215
809
266
636
516
68
361
748
397
219
562
560
337
554
248
253
868
608
905
249
241
944
201
134
61
508
165
263
682
787
107
971
903
909
101
364
853
376
330
17
918
680
837
857
753
356
826
989
24
305
434
356
152
766
338
459
139
484
15
466
609
180
346
25
426
373
155
483
586
191
189
131
948
185
945
592
941
219
94
377
642
944
366
475
280
439
549
48
107
574
214
64
437
689
22
4
361
52
389
819
623
72
238
210
192
127
64
797
439
402
129
926
716
393
323
119
644
443
86
525
864
912
309
315
876
853
373
378
93
417
271
542
971
611
31
47
42
214
592
175
488
892
989
407
491
108
424
228
611
578
6
705
24
562
861
388
965
9
114
195
208
283
189
630
424
757
476
331
758
55
980
111
110
830
504
486
583
961
774
286
764
279
750
554
777
840
60
160
454
635
341
775
590
907
712
985
21
848
815
780
340
438
722
516
844
280
29
856
789
153
521
855
47
447
976
661
312
576
417
253
676
646
849
35
27
818
132
244
455
325
630
339
93
472
333
109
691
474
400
893
440
734
985
880
122
103
65
708
856
12
904
589
681
759
720
950
516
307
118
297
713
608
697
97
938
745
734
220
979
678
103
347
165
637
129
884
349
868
80
442
135
596
547
73
851
810
232
407
496
313
825
886
403
982
260
604
586
575
138
638
663
719
462
302
617
764
824
322
748
756
526
89
841
627
529
407
26
79
112
636
576
520
59
177
337
228
248
524
785
578
397
484
795
59
996
629
175
777
547
968
92
931
448
123
571
615
57
287
124
742
722
684
28
1
905
394
564
973
799
37
175
106
186
234
238
653
2
476
306
844
307
29
530
198
82
102
836
597
660
644
285
542
922
594
925
265
710
331
177
674
128
632
779
579
367
231
822
57
567
775
309
291
784
641
701
343
601
470
554
476
968
555
494
486
216
320
810
697
654
556
368
679
971
290
323
6
1000
678
374
309
892
614
948
360
745
86
623
689
966
178
608
406
65
329
178
152
112
474
551
103
559
583
586
366
848
909
640
148
376
477
668
654
729
688
270
257
953
150
458
51
946
31
644
19
367
169
640
764
745
392
65
147
200
26
244
890
34
602
387
516
152
731
587
197
146
820
705
82
547
40
468
210
172
707
418
303
673
327
541
49
272
592
583
167
319
656
837
316
847
428
51
273
296
803
737
523
651
351
45
398
54
61
829
374
265
456
935
283
723
261
761
812
721
831
378
35
6
542
315
749
646
44
99
856
816
256
905
256
235
833
202
413
615
798
471
296
411
97
27
495
517
201
676
515
406
397
145
520
178
645
21
755
168
902
799
773
456
606
605
767
702
724
784
987
109
834
185
871
592
765
579
810
222
449
831
23
987
732
413
525
22
959
389
622
617
906
582
66
578
799
359
678
242
969
342
174
447
899
463
354
777
998
246
622
997
436
650
24
346
512
533
800
292
475
591
338
23
606
608
592
70
12
585
195
527
799
709
94
668
996
409
437
116
822
294
0
5
828
67
462
117
411
50
586
619
192
468
280
131
792
356
326
605
404
971
262
526
183
843
911
387
365
374
162
241
473
918
657
653
214
629
687
980
904
85
394
460
923
319
818
42
636
608
826
700
399
852
525
712
345
806
172
205
216
228
921
947
978
954
856
381
81
725
382
418
486
197
552
281
628
651
544
321
729
299
544
81
908
736
203
932
329
502
781
419
745
591
900
711
232
499
83
94
236
419
502
473
866
242
921
813
191
367
981
119
728
883
484
729
607
975
838
490
210
0
204
39
38
601
635
888
997
166
730
700
882
108
759
134
848
553
237
714
775
618
640
592
804
983
498
420
855
753
246
280
972
628
176
529
80
753
534
312
164
185
37
613
383
330
313
213
217
161
615
566
828
540
662
362
572
434
271
844
617
621
310
885
528
557
603
212
217
698
975
571
581
622
157
208
714
20
861
438
128
787
441
671
208
952
927
407
275
330
978
64
860
679
288
193
242
884
33
551
778
915
371
50
144
464
234
753
793
692
843
744
846
987
116
783
17
684
931
840
168
351
350
147
452
252
368
46
216
756
920
930
202
765
322
662
587
13
748
554
990
170
174
941
364
715
23
939
107
621
516
435
545
977
160
528
53
619
208
684
655
580
279
115
963
209
292
990
775
501
826
595
573
189
872
982
909
764
129
879
954
644
17
861
884
892
879
592
977
853
459
32
482
237
722
112
165
511
14
270
526
8
463
351
619
491
740
949
821
481
809
657
231
360
426
877
661
937
839
971
595
5
251
768
808
363
21
444
620
866
35
245
11
75
781
353
391
851
884
916
313
596
80
291
435
119
864
823
515
494
956
260
939
463
666
793
779
278
556
160
627
363
233
52
282
174
65
326
55
996
53
743
784
316
708
641
895
323
20
422
405
862
399
310
319
903
780
178
819
646
946
197
924
981
397
951
532
117
337
87
618
556
172
548
303
479
472
854
778
397
262
422
75
324
680
928
825
12
119
660
482
558
287
360
812
87
289
327
382
400
626
90
63
566
141
638
147
291
289
316
456
999
353
823
917
973
696
589
980
568
559
179
367
486
216
975
306
614
37
616
887
174
935
993
627
681
576
188
953
576
397
210
774
982
531
591
665
151
268
547
567
365
713
673
94
315
20
889
16
320
565
720
855
5
108
288
326
860
832
449
651
383
446
935
305
944
646
696
711
223
441
153
72
231
884
197
513
678
694
626
512
922
343
749
540
369
476
713
316
119
672
341
191
101
829
656
895
974
44
35
297
227
900
160
262
797
199
957
607
568
361
883
684
127
199
246
343
855
826
241
337
137
988
500
76
451
336
582
159
369
703
201
302
414
702
220
157
262
581
511
845
750
188
849
962
466
8
295
486
216
599
790
376
862
922
658
591
404
409
707
127
547
991
531
817
706
266
989
114
19
915
249
441
243
950
220
229
576
689
698
845
28
662
77
414
909
233
855
335
230
576
207
327
622
378
631
597
723
104
346
893
434
545
227
463
248
974
18
850
196
367
953
890
804
864
966
846
700
130
719
344
557
308
739
894
622
649
913
38
845
803
762
359
206
193
80
422
539
531
246
683
238
246
58
780
544
698
59
101
494
337
645
385
582
857
837
631
319
427
6
718
168
210
634
947
107
939
550
877
269
647
93
430
290
784
692
933
812
886
99
994
941
784
611
443
761
100
427
892
918
396
476
144
450
103
403
85
381
849
92
22
870
382
42
242
760